# Position (bp)	A	C	G	T	N
0.0	25.337781864630713	24.98338270467965	23.483564559633937	25.676906896170525	0.5183639748851698
1.0	27.935409315241934	17.67310382786162	19.65479447587955	34.73250394879206	0.004188432224841788
2.0	29.88678680605743	19.943551729442856	19.84665035951305	30.31796707763347	0.005044027353199889
3.0	33.119171285259775	18.74898996623033	20.200033437525555	27.926167264104258	0.0056380468800806965
4.0	32.96100795446399	18.24438816539372	20.780418891754714	28.007432613802518	0.006752374585062414
5.0	33.48217740348581	18.70654070056667	20.868616664934745	26.941034643625457	0.001630587387323648
6.0	27.078591275568552	18.57918951851909	18.061896661517885	36.27564016402654	0.00468238036793594
7.0	28.267616301590348	21.346004283130227	19.129246927316636	31.25430488628786	0.0028276016749284793
8.0	27.19685103545566	20.96497209073731	19.566787635522452	32.26512609834005	0.00626313994452882
9.0	32.993730727881434	18.38808443146654	19.417683952925273	29.197421436523108	0.003079451203643018
10.0	29.84409491187495	21.535654394415683	21.931939516633687	26.685080518067394	0.0032306590082854187
11.0	28.12944253945706	21.383116482369513	20.46521271677427	30.014865758841232	0.007362502557928278
12.0	29.61530603900673	20.064441764243753	19.790973133252063	30.527578824303486	0.0017002391939678753
13.0	29.123385898831277	19.83811777820699	19.945962144448504	31.08946751407034	0.003066664442886603
14.0	29.75494025775351	19.73067110157402	20.127093244892656	30.314023946246866	0.07327144953294815
15.0	29.31894824404399	20.092962062454426	20.045195311748216	30.538671020471007	0.004223361282362175
16.0	30.07696952007005	19.54575321506017	20.061389023280114	30.31484865326664	0.0010395883230240825
17.0	29.78507291921972	20.100062894853945	20.312193467335348	29.80062384464599	0.002046873944995978
18.0	30.283317786230384	19.774907638544832	20.449278139924985	29.48777796245209	0.004718472847707047
19.0	29.697829462856696	19.83560894905733	20.103310821278466	30.36010475428585	0.003146012521658578
20.0	29.463819197481882	20.04478937919653	19.921888798964492	30.566444609061744	0.003058015295348917
21.0	29.5878228825964	19.775953244245947	19.934927016466833	30.697798592014223	0.003498264676601212
22.0	29.52384450598392	19.710557489049485	20.1344627328337	30.625861709342733	0.005273562790160739
23.0	30.051039002657987	19.82983333647516	20.44351097231211	29.671584675417705	0.004032013137031894
24.0	29.62701083389122	19.489041123441893	20.45005692905926	30.365560570351075	0.06833054325655116
25.0	29.793371716167176	19.662341561353635	20.29703434752831	30.244125039222002	0.0031273357288725016
26.0	29.84538424074304	19.437261147242122	20.12501147377336	30.588442705371442	0.003900432870039917
27.0	29.685754550542832	19.672549303007365	20.278708828313878	30.35543627267941	0.00755104545651519
28.0	29.98883510128158	20.053110946779267	20.22045496444425	29.73488026215762	0.002718725337277297
29.0	29.886432641248597	19.58542100027132	20.019948578147005	30.501531027532657	0.006666752800423777
30.0	29.884638996974743	19.79178242689476	20.21472034348654	30.107336965980608	0.001521266663349102
31.0	29.64812947101939	19.464351385161923	20.04097568558097	30.84039273040588	0.006150727831837557
32.0	29.753659477057187	19.67952329243885	20.185470191519975	30.378957952331813	0.002389086652172874
33.0	29.805508889176068	19.693058299128417	20.107978822694424	30.388197611091623	0.005256377909469275
34.0	30.004302574659654	19.51869009253479	19.89673308910271	30.506329340718096	0.07394490298474801
35.0	30.165140605590494	19.5420386009395	20.154660273204023	30.13514570012555	0.0030148201404293002
36.0	29.750142018388033	19.40179074537525	20.193956176964477	30.650590890875545	0.0035201683966933884
37.0	29.586787383326328	19.46128280551629	20.54042352701481	30.40990182221034	0.0016044619322305843
38.0	29.557388946726267	19.74628237332046	20.074929777173807	30.615804471578002	0.005594431201465131
39.0	30.064698900489446	19.603020263925195	19.97941052338612	30.35127048853536	0.0015998236638806035
40.0	30.017219463597606	19.569079817323072	20.021664423056688	30.387776437556436	0.00425985846620246
41.0	29.688487191375884	19.549943922781836	20.036874980849674	30.718945641942973	0.005748263049633339
42.0	29.556008945975172	19.694017100933543	20.4645756983859	30.278494559483555	0.006903695221833682
43.0	29.32619779523693	19.679885799061815	20.27713225724408	30.711581257165026	0.005202891292153206
44.0	29.928015232436938	19.67631576026469	20.039392841682954	30.3488849626101	0.007391203005318639
45.0	29.781484382165964	19.725446853804492	20.00666765446733	30.482016484175535	0.004384625386678601
46.0	29.771770810205567	19.63346488783632	20.136775399257594	30.451670460249446	0.006318442451072348
47.0	29.810727495522098	19.696018334555852	20.490158679706784	29.998116553882028	0.004978936333234677
48.0	29.27766205552859	19.579852873646374	20.074954858274577	31.063636518927368	0.0038936936230844284
49.0	30.13172517158957	19.585680339956653	20.108329560387382	30.172156763143654	0.0021081649227457943
50.0	29.138535346861776	19.54585036340145	20.292035005487318	31.018489382288994	0.00508990196046475
51.0	30.043142838819836	19.518138930863238	19.977424035335943	30.45846343154663	0.0028307634343523414
52.0	29.602641133044074	19.702171701180525	20.491132606053934	30.199374007416296	0.00468055230517201
53.0	29.935395514900147	19.58932435393014	20.110596916231252	30.36215725760063	0.002525957337831038
54.0	30.186105346911525	19.53646339366751	19.94358914384643	30.325395730627292	0.00844638494724258
55.0	29.1960746863207	19.62829112035723	19.91556156428319	31.253681073881133	0.006391555157747826
56.0	29.48582975750923	19.588838439277517	20.195215048398364	30.717742740245484	0.01237401456940425
57.0	29.322274981955175	19.738533899963723	20.287146474122036	30.64937687694239	0.002667767016676037
58.0	30.176508298453825	19.528430859340254	20.08628707694554	30.203641189073394	0.005132576186989218
59.0	29.94471269551195	19.778452368828052	20.085130944729876	30.18662422237832	0.005079768551800317
60.0	29.93480104200862	19.551325046808007	20.354334696612177	30.157249523333572	0.002289691237625401
61.0	29.211112028678514	19.58298053972199	20.123463668808135	31.07756849502474	0.004875267766619937
62.0	29.447803040586063	19.62210697091421	20.005722789280533	30.857195276386857	0.0671719228323382
63.0	29.510265280634695	19.58809663791	20.091557824856835	30.801060148466508	0.00902010813196294
64.0	29.802926849623958	19.605525827707975	19.963650968823142	30.560036880580494	0.0678594732644356
65.0	30.0157346742113	19.578508376721423	20.383020257927488	30.01891289466111	0.003823796478680721
66.0	29.433225884356705	19.383433001008466	20.40110809704611	30.77945309488546	0.0027799227032564064
67.0	29.910764796608053	19.527185423825035	20.516603444750796	30.04271697424079	0.0027293605753293594
68.0	29.785078662276216	19.548552328862264	20.03117965508902	30.63288250578262	0.0023068479898796347
69.0	30.00646931094276	19.73246460910013	19.89949135693611	30.356069981628547	0.00550474139245657
70.0	30.03762573412817	19.89139377329919	20.003509983498617	30.06439679471083	0.0030737143631945512
71.0	29.694330393346412	19.387238572046943	20.052953957163588	30.86099239362937	0.004484683813685917
72.0	29.936890370492225	19.66221458958674	20.45865345643766	29.936840822223786	0.005400761259596261
73.0	29.675277591916903	19.46374961572009	20.147984614435646	30.710362316812123	0.0026258611152329423
74.0	30.04850236739515	19.605529933823924	20.042194929077244	30.297480195733733	0.006292573969950235
75.0	29.773415558907296	19.561557198833807	20.04828093319354	30.612708033146564	0.004038275918794483
76.0	29.661790718527786	19.316574383172366	19.925008665902038	31.09102653587163	0.005599696526181183
77.0	30.014254291404107	19.698974741752483	20.09475931757828	30.18886440481395	0.0031472444511849995
78.0	29.535146914553945	19.64649095977169	20.249908167559873	30.562604442360207	0.005849515754282663
79.0	29.90904912606543	19.49337923846988	20.15000151221198	30.443132648755793	0.004437474496916823
80.0	29.565404578554862	19.600925839355018	20.09740012543918	30.73329343815201	0.0029760184989309894
81.0	29.644417043668543	19.40531495110657	20.042002577712832	30.902112657711246	0.006152769800816482
82.0	29.849019088148555	19.641639343285895	20.10864332093482	30.39856399627151	0.0021342513592203134
83.0	29.525463146856477	19.572472949999206	20.124147984556476	30.775681612354823	0.002234306233019273
84.0	29.75329905241107	19.634052603541257	20.16428517323207	30.44520909417154	0.003154076644062451
85.0	29.463104840963894	19.556465488860702	20.17171402198665	30.804814750858135	0.003900897330618441
86.0	29.55810113939789	19.485125784178084	20.099741436867294	30.788625011869247	0.06840662768748314
87.0	29.595393173566954	19.939878089995357	20.091351681093254	30.365568369150914	0.007808686193521626
88.0	29.814245021616802	19.779057538737206	20.296507350608696	30.04226827028505	0.06792181875224385
89.0	30.025494824117576	19.56173894514854	20.22352901934291	30.183711092513704	0.00552611887727187
90.0	29.321002261200263	19.593482123864355	20.086547328032456	30.996676698179332	0.0022915887235900627
91.0	29.60701521936518	19.34651166906062	20.30349502304352	30.73851668577094	0.004461402759739006
92.0	29.062940851343182	19.597793922511926	20.26631661282502	31.067461354734306	0.00548725858556432
93.0	29.87354655661079	19.6694929383142	20.119465134829433	30.334450464373102	0.0030449058724753486
94.0	29.80457156958688	19.63585900139224	20.061724232156248	30.4861557582724	0.01168943859223192
95.0	30.13248509805137	19.59602494707696	19.978660789550787	30.28742936511349	0.005399800207392327
96.0	29.721276232092887	19.29770649284416	20.130642147470027	30.84139138416464	0.008983743428291585
97.0	29.194001651431705	19.650910278471855	19.968574211368733	31.18403445717009	0.0024794015576151563
98.0	29.40813003402053	19.805026174650745	20.35243282374398	30.430300028375505	0.004110939209235776
99.0	29.56609639804462	19.554866317888546	19.932413784797944	30.943863649364584	0.002759849904308477
100.0	30.139327228861433	19.643094845691213	20.04688109842318	30.165096010058363	0.005600816965803872
101.0	29.46915451795346	19.55812285188481	20.342727857676817	30.627103169624192	0.002891602860725571
102.0	29.997512760946115	19.51425328954987	20.355257288264962	30.12960328033601	0.0033733809030389627
103.0	29.25701482794817	19.683278958729485	20.339907430859824	30.714657452597066	0.0051413298654559335
104.0	29.70615602447514	19.386849910635263	19.76799985467507	31.13268670468663	0.006307505527897845
105.0	29.57109674394826	19.60195785430161	19.984097106663555	30.83898371014299	0.0038645849435770597
106.0	29.45231480486241	19.524128067617514	20.13093053751829	30.884912892118244	0.0077136978835383365
107.0	29.955620458808934	19.682679822238704	20.34071168848667	30.016049372397863	0.00493865806782981
108.0	29.342894526669948	19.584983881083968	20.48795259712246	30.57719440318163	0.006974591941987627
109.0	29.8911196444383	19.385737603067525	20.368495461752175	30.349364056020576	0.005283234721418588
110.0	29.78063730384248	19.65076565438325	19.86359368795854	30.701238736991403	0.003764616824326954
111.0	29.740689094391165	19.620879375619975	20.154892629277164	30.48213782601098	0.001401074700717707
112.0	29.95198319679796	19.787265583518085	20.099212783660562	30.156562998101933	0.004975437921461053
113.0	29.873215212130038	19.65913011477333	20.040608955437484	30.425767902824735	0.0012778148344079756
114.0	30.002892792594448	19.649434497447686	20.05355506289904	30.290943255185265	0.0031743918735568036
115.0	29.53589581451833	19.619294663796786	20.023185721165163	30.819008291164657	0.0026155093550615494
116.0	29.5411838175247	19.55623476185008	20.297735884826754	30.53235233749463	0.07249319830383384
117.0	29.6531558314865	19.57215259599025	20.131453296370942	30.638605107296467	0.004633168855838951
118.0	29.732553673811484	19.504152226019755	20.092301494141076	30.668284380217365	0.0027082258103205067
119.0	30.01033306161017	19.581978809728483	20.0391353724115	30.36289257492762	0.005660181322228695
120.0	29.603396939191434	19.580722364909413	20.23485638314126	30.58011795129162	9.063614662753256E-4
121.0	29.521870955085163	19.481088352617444	20.50106861005957	30.49005554281135	0.005916539426469352
122.0	29.451723663546037	19.747513112866745	20.219911792907077	30.578276838369433	0.0025745923107070015
123.0	29.75203057400808	19.73809420174456	20.035457342112007	30.467041795824194	0.0073760863111566825
124.0	29.834219793310275	19.798195383441833	19.947700602932112	30.416331414121363	0.0035528061944220942
125.0	29.629226235748913	19.518202251897854	20.195656698813572	30.654008632144198	0.0029061813954645243
126.0	29.352623249660255	19.69236687472759	20.424555544971888	30.462045347257593	0.06840898338267859
127.0	29.323467469556917	19.610219122861512	20.48732604563313	30.575699558987264	0.0032878029611794635
128.0	29.601775171793154	19.62779489258529	20.38663971293165	30.37875550820171	0.0050347144881949125
129.0	29.77744118669847	19.698214857618805	20.18506226171589	30.335952190443372	0.0033295035234603156
130.0	29.534020083331786	19.626198920871886	20.649648899284028	30.187562743856734	0.0025693526555716547
131.0	29.300149151937383	19.774158045812165	20.50090192304015	30.42216159826287	0.002629280947433503
132.0	28.757925014481756	19.652358028883608	20.45172416089061	31.132825972607847	0.005166823136181744
133.0	29.20970660559357	19.58284284716273	20.59542528622672	30.609621789763565	0.0024034712534155996
134.0	29.35223008158515	19.538366122533578	20.229507441639008	30.878985865465108	9.104887771546583E-4
135.0	29.78057276612269	19.47476789568512	20.36035082791101	30.38041448052703	0.003894029754147075
136.0	29.413249738316523	19.703789122858538	20.329350715133454	30.479732833631278	0.07387759006020404
137.0	30.038656707784806	19.55793722055514	20.330395654188152	30.070010211511818	0.0030002059600848278
138.0	29.95599634220103	19.151337501358935	20.618767718649867	30.27251578327243	0.0013826545177423042
139.0	29.0074619398651	20.157542530120747	21.703031977256366	29.12470390422267	0.007259648535127998
140.0	26.03795411984125	21.32749152485982	22.04608196403448	30.585799834792375	0.0026725564720727394
141.0	28.170379024800233	19.10822394951992	19.042978184542065	33.675216762906906	0.003202078230876409
142.0	31.39920481778791	18.862079147410853	21.739430188083254	27.993545153027945	0.005740693690043742
143.0	30.66432948621081	18.50585475832979	22.165412945219508	28.661563571519732	0.0028392387201593944
144.0	35.435140390620894	17.500131387143973	19.31612300049512	27.744317851778703	0.004287369961303029
145.0	26.33076951679671	19.97199022571538	19.218995144491476	34.47638593439819	0.0018591785982459343
146.0	27.10549917341728	20.21346136255636	18.52666370688328	34.14762700482564	0.0067487523174434615
147.0	27.171623908830593	19.690323867427644	19.198950975882642	33.933526696498454	0.00557455136066675
148.0	29.635633724622412	19.210045680079695	20.574316894092075	30.575053760295734	0.004949940910080386
149.0	34.120652700227204	18.991744743961778	18.442099774148655	28.441241967942883	0.004260813719481569
150.0	25.044857780717944	22.539005446179274	25.863690509971203	26.034707710794862	0.5177385523367127
