# Position (bp)	A	C	G	T	N
0.0	25.5827738225533	24.19849270800076	24.7339059409265	25.14850254533716	0.33632498318227816
1.0	28.993248377426944	18.02143497435843	19.87889633837336	33.10230023678648	0.00412007305478108
2.0	30.53468860260934	19.86859534164039	18.81221500662298	30.779401938834123	0.005099110293169537
3.0	32.400262586930175	18.52234801921479	20.146317588514503	28.913202601499556	0.017869203840975165
4.0	32.621179489980904	18.002408541846858	20.763827416717877	28.608788149313362	0.0037964021409969267
5.0	33.546281929878916	18.256718507117046	20.92518534197272	27.270591150349777	0.0012230706815424678
6.0	28.351635382334955	17.98765164914665	18.46033621877839	35.19946008370593	9.166660340716171E-4
7.0	29.205175389924882	20.322683474689597	19.376918545603434	31.094609567594105	6.130221879816857E-4
8.0	27.5437227448778	20.32518399180181	19.49971933634287	32.631317184261896	5.674271561841829E-5
9.0	32.26392944740377	18.40991864646875	19.292277773253197	30.03223681489711	0.0016373179771726823
10.0	30.185951704375903	20.942362203839803	21.662028932998265	27.208856702104427	8.004566816015031E-4
11.0	28.80869239830454	20.406966402996243	20.436723014053847	30.34757623453579	4.195010957368621E-5
12.0	30.262008648488465	19.586938030678013	19.736334179465885	30.412936636982398	0.001782504385239304
13.0	29.45766332938442	19.513569681219415	19.946332675027087	31.079314927099922	0.003119387269156677
14.0	29.876543993885875	19.33260091181785	20.123317952297437	30.66676404062537	7.731013734698115E-4
15.0	29.632262333077975	19.923111620914895	20.191170920513766	30.253166505451755	2.886200416107637E-4
16.0	30.194331625778393	19.1475084076125	20.040501098769923	30.61691964681114	7.392210280456351E-4
17.0	30.356052200134968	19.588591416985675	20.219459183343695	29.83472448148476	0.0011727180508989633
18.0	30.278541894843396	19.463593215844874	20.306702123570034	29.949777235217308	0.001385530524392061
19.0	29.93766870594463	19.415654774945747	19.952130713707593	30.693747397562582	7.984078394447844E-4
20.0	29.598731639111907	19.818853347187776	19.929272784675494	30.652603005792066	5.392232327565172E-4
21.0	29.751647264949	19.415543409327874	19.835475046488877	30.995869745144194	0.0014645340900540668
22.0	30.01060762034735	19.36644574822153	19.926405449440672	30.695710997110957	8.301848794946478E-4
23.0	30.214462808538467	19.53823924933012	20.273292422892496	29.97289766717054	0.0011078520683798331
24.0	29.718441798129103	19.169006366048947	20.40856918696073	30.702226460726113	0.0017561881351131326
25.0	29.828365851193823	19.502268660184225	20.36846266610473	30.297229362114876	0.0036734604023513327
26.0	30.144994741548008	19.118901292854797	20.112164446519508	30.620370434016607	0.0035690850610789423
27.0	30.101295117248505	19.24330465106165	20.13880304122577	30.516043665233212	5.535252308661484E-4
28.0	30.286330139477325	19.616729394911474	20.06401552834492	30.032478176733473	4.467605328066114E-4
29.0	29.799943398747956	19.253073107330124	19.931292369050645	31.01402715287841	0.0016639719928619532
30.0	30.035842986868545	19.503285019282686	20.414865786707708	30.04390302145484	0.002103185686214624
31.0	29.81625949430163	19.142492198405094	20.16295579324194	30.87777143069298	5.210833583561904E-4
32.0	30.165831000514093	19.18878563003269	20.046815320097185	30.59107167379515	0.007496375560880249
33.0	29.964624757487524	19.393989253336873	20.031922577385366	30.60895814372285	5.052680673820312E-4
34.0	29.983281785829323	19.22151446424642	19.85166154292617	30.94244393958599	0.0010982674120930613
35.0	30.277884118674635	19.453395906879823	20.198768638989286	30.067825233378358	0.002126102077897545
36.0	30.04023680929017	19.056690638753242	20.115050078157555	30.786338763961616	0.0016837098374153229
37.0	30.03622063859756	18.947459241365245	20.391631087674252	30.62449673080949	1.9230155345040907E-4
38.0	29.578991404153648	19.520082404304688	19.84885808418944	31.04949744910129	0.0025706582509369153
39.0	30.206194472007443	19.25022720600347	19.902799338726222	30.639452046614775	0.0013269366480891283
40.0	29.896985819146092	19.3359416020041	20.215999980652462	30.550627095691517	4.455025058243088E-4
41.0	29.9744446184288	19.133136261121823	20.005318587587347	30.88572897732374	0.0013715555382841154
42.0	29.85916588759171	19.248519799823566	20.44915265619999	30.439993826533186	0.0031678298515504244
43.0	29.51805598862414	19.277975408785135	20.20515944637018	30.998353960042373	4.55196178172888E-4
44.0	30.02746255759642	19.39881932705882	19.996991787478873	30.576347777632527	3.7855023336360054E-4
45.0	29.7510559315338	19.57386445565516	20.066445701525286	30.608243513509464	3.903977762942662E-4
46.0	30.10516521814769	19.261208811735102	20.134857950781612	30.497033366425818	0.0017346529097796966
47.0	30.112373308569744	19.182575795307972	20.34141181804735	30.361656853610086	0.001982224464840168
48.0	29.398023331035073	19.250996586673423	19.942740563888865	31.40812681776733	1.1270063530600353E-4
49.0	30.18027224788456	19.316508823598166	20.072190405256592	30.43081600734855	2.1251591212892066E-4
50.0	29.313634011268654	19.14097271715193	20.473111688297426	31.070172563954763	0.0021090193272278266
51.0	30.18162532917629	19.266452336120725	19.83210358628673	30.718174268524134	0.0016444798921221191
52.0	30.005675698569284	19.31046046296933	20.434019910843144	30.24617456299422	0.003669364624016377
53.0	29.98427957663899	19.199532634719606	20.056691885415027	30.756403483083467	0.003092420142907069
54.0	30.328027113888922	19.19337395720939	19.879442846338303	30.597060363769664	0.0020957187937241037
55.0	29.291200885198855	19.36987766245802	20.03822111971267	31.29914048904563	0.0015598435848275746
56.0	29.646903893450045	19.26459705393343	20.23638048957396	30.851055545509077	0.0010630175334853614
57.0	29.7288002188441	19.26868692554659	20.33139178327324	30.669479247832047	0.0016418245040208653
58.0	30.16889970958689	19.15568884717978	19.78575560422349	30.888028460386398	0.0016273786234448056
59.0	30.22333343389238	19.453250201785067	19.964488290925118	30.35508630736714	0.0038417660302920787
60.0	29.81738538738692	19.370010091135104	20.48015795504697	30.330626127626537	0.0018204388044735563
61.0	29.551882717786356	19.327781069531255	20.012872653867902	31.103912397142263	0.0035511616722260575
62.0	29.84219831581475	19.212333261032267	19.92958686138609	31.013991177305666	0.0018903844612361321
63.0	29.616872091020902	19.119759544836608	19.947250185325917	31.313665155440734	0.0024530233758409577
64.0	29.93350020277542	19.343917037706667	19.876672835925454	30.844904932093826	0.0010049914986298412
65.0	30.031740432706055	19.261231171150317	20.55170665299801	30.154145944750947	0.0011757983946677542
66.0	29.731210051692447	18.966430141760725	20.43546791614353	30.864443983694006	0.002447906709296146
67.0	30.325089503546565	19.095618811944764	20.46313246451506	30.11382309517458	0.00233612481902677
68.0	30.043408434214886	19.168760204123416	19.89555475778465	30.891457646004604	8.189578724403441E-4
69.0	30.247039647904252	19.43519521027832	19.686830024292572	30.629029625995983	0.0019054915288686854
70.0	30.166689000239444	19.570775580300666	20.141733978590526	30.120398704311064	4.027365583012426E-4
71.0	29.746813072593888	19.132204591281557	19.940405383796346	31.179870046295033	7.069060331748564E-4
72.0	30.52641338995495	19.22679911193053	20.296581185959223	29.948805148872992	0.0014011632823090585
73.0	29.739183251476724	18.99580051668519	20.038794635118343	31.222883742665097	0.003337854054646031
74.0	30.12233047392414	19.324725745366997	19.874751761592695	30.67635242647751	0.0018395926386568587
75.0	29.896658546334198	19.28613274861417	20.238668822613516	30.576797809812696	0.0017420726254240516
76.0	29.91465208642856	18.866363577871105	19.92925815873313	31.28819074804148	0.0015354289257261849
77.0	30.52818120898394	19.289112069103187	19.989901301188816	30.18933109773856	0.0034743229854991508
78.0	29.603435103100047	19.221906709048547	20.020938909481593	31.15219489649142	0.0015243818783921307
79.0	30.1319631278204	19.11926897863633	20.06338778400426	30.684818896577237	5.612129617745652E-4
80.0	29.622620441480308	19.396504963868043	20.110274786599607	30.870196658698156	4.0314935388596887E-4
81.0	29.96863737866351	18.953065391438457	19.88104288695088	31.195138799807133	0.002115543140021197
82.0	30.134481800296125	19.237763915928713	19.996857404355506	30.630101440490947	7.954389287077458E-4
83.0	29.626910059652605	19.115604279763144	19.948825458048766	31.30673754457474	0.001922657960740794
84.0	29.926163734932615	19.366920941468756	20.010267564545455	30.69425795828168	0.0023898007715012215
85.0	29.716907709236757	19.316642565885044	20.21661632876304	30.74888890878718	9.444873279852453E-4
86.0	29.88764486324345	19.098445932965017	20.05130096875232	30.961564783892058	0.0010434511471517772
87.0	30.074804805749288	19.60154229012195	19.870327525337906	30.451064821003136	0.002260557787719864
88.0	30.052051322348056	19.338674717848335	20.14097684030962	30.4664156575021	0.001881461991885365
89.0	30.117479332886667	19.229908995645808	20.086936109603556	30.561958134131935	0.003717427732035499
90.0	29.4872161426131	19.413327509922514	20.17381747501409	30.92349452958417	0.002144342866128675
91.0	29.797124188296863	18.98119380635405	20.237276181667514	30.98023533406609	0.0041704896154808576
92.0	29.736276808653596	19.037402814731017	20.23332866295458	30.991471987241216	0.0015197264195912752
93.0	30.007695533992113	19.28017063794987	19.977494893357466	30.73299342662828	0.0016455080722687348
94.0	30.06722159932963	19.37365571979572	19.877932325903515	30.67990175409555	0.0012886008755795143
95.0	30.242296060583758	19.422147296911373	20.036553600632676	30.297290289975106	0.0017127518970899227
96.0	29.948296361248556	18.873183465479222	20.027593842315714	31.148936868641027	0.001989462315480479
97.0	29.620461296172486	19.349230224573713	19.867980149079898	31.159514045212113	0.002814284961793591
98.0	29.637930875331154	19.412944016737175	20.204733999730063	30.740736213124542	0.00365489507706839
99.0	29.830213285820694	19.07036966368413	19.906551643693184	31.19146591814016	0.0013994886618301837
100.0	30.174430439521345	19.4617033470684	20.033911604984887	30.32786392693081	0.0020906814945643535
101.0	29.77923500228857	19.17210648509646	20.3292854084922	30.719034428622443	3.3867550032719816E-4
102.0	30.382698594267698	19.078030755602324	20.300924724325366	30.23806941220373	2.7651360088705565E-4
103.0	29.67490179928643	19.248284399845346	20.078258317937326	30.99696865511305	0.0015868278178472791
104.0	29.791979591545726	19.06984350801098	19.648639123009872	31.48750611863701	0.002031658796407472
105.0	29.689164011834773	19.356032240875383	20.03743698646801	30.917000053867987	3.667069538513208E-4
106.0	29.735553493233812	19.15528535000899	20.15208123198927	30.956889829564442	1.9009520347980675E-4
107.0	30.359281680505678	19.29980030874539	20.178114133166964	30.162105301128367	6.985764536042354E-4
108.0	29.695585210246815	19.183511763071856	20.32778841925773	30.79055572968372	0.0025588777398769655
109.0	30.012883284082477	19.011018111255677	20.21839687023617	30.756565912451094	0.0011358219745818358
110.0	29.987767128706388	19.444252546233397	19.970309508786634	30.597197467353	4.7334892058535606E-4
111.0	30.044989582028176	19.28642503709162	20.04249265445459	30.624976996076864	0.0011157303487503755
112.0	30.46165635691996	19.34594075420801	20.003638734131968	30.185922599110505	0.0028415556295588646
113.0	29.99045108103122	19.34893054556982	19.804331602100273	30.856183637301456	1.0313399723265702E-4
114.0	30.09237877378349	19.336889813361708	19.946612728744658	30.62205051225385	0.0020681718562915274
115.0	29.487731906218805	19.33770941586905	20.19165587937656	30.980725686026943	0.0021771125086387953
116.0	29.85011881491254	19.2167364377774	20.32428946914958	30.607932620521826	9.226576386566002E-4
117.0	30.14916094119518	19.082629908955067	20.1313768436583	30.636363103178393	4.6920301306534895E-4
118.0	30.005234225034027	19.114751886752497	19.856001292607818	31.017737800360067	0.006274795245587643
119.0	30.11110955242709	19.31168426107736	19.996114069624493	30.58076435621186	3.277606592027261E-4
120.0	29.47571776874924	19.43877640917993	20.244427829701042	30.838987269734513	0.002090722635267782
121.0	30.000817612965758	19.088598914684724	20.443370411641755	30.465630583999843	0.0015824767079209551
122.0	29.820492113915186	19.255023423130265	20.106153110484552	30.81764350676966	6.878457003360523E-4
123.0	29.966714014636388	19.358345232241657	19.849462114503897	30.824828521716423	6.501169016330671E-4
124.0	29.93815259066306	19.385452514992657	20.00089180596698	30.671709585383432	0.003793502993872494
125.0	29.68960067252231	19.10523876558082	20.376392448170535	30.825763874544577	0.003004239181768087
126.0	29.648318814958802	19.381517646880752	20.483787163973624	30.484380552553265	0.001995821633554557
127.0	29.742831927647128	19.073879931789538	20.46698284807045	30.715230180751817	0.001075111741066863
128.0	29.80888946111425	19.130588943482486	20.316430140607906	30.743147732336045	9.437224593137654E-4
129.0	29.994136950765267	19.343882312611722	20.139087112141166	30.5212702605959	0.0016233638859435356
130.0	29.547064816832325	19.246083220824143	20.74923313872468	30.457102944380754	5.158792381006684E-4
131.0	29.622950138400363	19.317134053165084	20.44432544897513	30.61478645876977	8.039006896514137E-4
132.0	29.154955160489692	19.15069593360092	20.57477405170652	31.11841225212982	0.0011626020730425954
133.0	29.30167733517626	19.196384321148635	20.45421409561214	31.046474943760714	0.0012493043022470728
134.0	29.675481829408135	19.146420459557202	20.199264576166534	30.978088890359	7.442445091293993E-4
135.0	29.535026983855072	19.206053925645165	20.463326393533947	30.79510839619788	4.84300767934972E-4
136.0	29.68696621436623	19.429442660043613	20.222666353489263	30.660243750234535	6.810218663612723E-4
137.0	30.13910674827715	19.24350968263603	20.315373219424128	30.29857609771815	0.0034342519445404607
138.0	29.860309736454973	18.833279193080777	20.422142554813323	30.882333766875952	0.0019347487749745574
139.0	29.38989790008607	19.82404566580051	21.01808787130281	29.76779963043227	1.6893237833982833E-4
140.0	26.752402293489986	20.687453251530552	21.772364093160625	30.787045250751333	7.35111067507087E-4
141.0	29.01150020924193	18.668812213251194	19.396570705163775	32.921270202216064	0.0018466701270423817
142.0	31.85110700174643	18.386133149696693	21.522802263138857	28.239871934000444	8.565141757378655E-5
143.0	30.70990051590244	18.422609685746608	21.3028820797092	29.563962248914066	6.454697276849282E-4
144.0	34.53349846321988	17.59227021505699	18.96576023924427	28.907419085587012	0.0010519968918535666
145.0	26.821448730009408	19.480020261958174	19.080512338085246	34.61688978942036	0.0011288805268109125
146.0	27.657989597190134	19.82323410751027	18.638112721727676	33.87684661675583	0.0038169568160869283
147.0	28.193446207925742	19.3181683288242	19.426586792438727	33.04484271482295	0.016955955988376157
148.0	30.32818249796484	17.8555236723553	20.768713371666845	31.042084596485154	0.005495861527864239
149.0	32.58195429483687	18.971034494189112	19.134334869506205	29.308473595061834	0.004202746405985895
150.0	24.55992388032625	23.29423437899156	25.485844184212574	26.323856631408248	0.33614092506136595
